10.736078334208734 400297812256.157
12.124582698047618 317523423213.2866
13.692663282214223 251865289297.57642
15.463544802270878 198386520516.5725
17.463455642149604 154445342843.4263
19.722016320639526 119955795976.81635
22.27267819851113 93168189623.03885
25.153218923933395 70358931299.81288
28.406301954185924 52515756686.03535
32.08010844069746 39014634895.03936
36.22905083620912 29325582740.69998
40.91457879324079 21939831157.6279
46.20608928995809 16414207195.179111
52.18195446324104 12222894623.243486
58.930682372107604 9101819612.390015
66.55222788346539 6714558053.45705
75.15947309561595 4918786036.647423
84.87989922594419 3569714493.4605274
95.8574747249883 2548563010.8994985
108.25478758159493 1798357723.248672
122.2554534005607 1245451724.5651777
138.06683491860454 850511697.7501183
155.92311323720298 575398514.8442981
176.0887562600709 384747669.376065
198.86243570603864 256665219.67567486
224.58145071188582 167261380.8401809
253.62672354275873 104994015.08236048
286.42844140124106 61727512.78834539
323.4724278954494 35038818.989130095
361.2904449432529 20175786.670620654
399.092680587127 11784789.546527937
440.85020771372893 6708641.430419566
486.97687302939426 3743284.687654293
534.9641302192405 2132436.5768375336
584.4401308888505 1214350.707731022
638.4919049682702 680495.8937970757
693.696975919031 381861.3833417302
749.5200357078104 212028.75397134485
805.370525741556 120650.76268459836
865.3827153809216 68318.15415608071
935.0216394902347 37655.74603782315
1010.2645347268981 20603.09672471672
1079.559620521492 12633.94549586221